0.822738 0.416245
0.813572 -0.438865
-0.288827 -0.706779
0.305289 0.666205
0.046285 -0.281421
-0.191719 -0.905952
0.045207 0.220363
0.616384 0.034863
0.536833 0.732902
0.186767 0.484229
0.437059 -0.386032
-0.494986 0.457981
-0.736139 0.369071
0.451365 0.706064
0.706760 0.408175
0.006542 -0.184797
0.814718 0.397845
-0.133196 0.283178
0.209066 -0.186220
-0.194402 0.317996
-0.244508 0.257404
-0.650441 -0.062663
-0.220367 0.296983
-0.717678 0.532507
0.074380 0.660785
-0.479359 0.725712
-0.113701 -0.734919
0.108109 -0.772604
-0.062393 0.881371
0.145657 0.297673
0.505818 0.847061
-0.274746 0.307054
-0.602091 0.266957
0.069112 -0.949472
-0.745404 0.416460
-0.780377 -0.541318
-0.149189 -0.755860
0.825103 -0.149881
0.891438 0.014705
0.640595 0.185947
0.349099 0.620589
-0.239191 -0.548678
-0.285805 -0.684341
0.608516 0.073059
0.666820 -0.040079
-0.643733 0.103608
0.648482 0.601951
-0.283091 0.758454
-0.420198 0.320743
0.036189 -0.349663
0.379718 0.244616
0.914614 0.224844
-0.271465 0.858347
0.796348 0.198727
0.182207 -0.298874
0.510978 -0.701079
0.900252 -0.159898
-0.061804 0.247694
-0.450643 0.151140
0.175106 -0.454912
-0.499599 -0.084609
0.358088 -0.736432
-0.474426 0.369724
0.132981 0.673132
-0.306672 -0.481570
0.614426 -0.139630
-0.584803 -0.524640
-0.501031 0.425892
-0.358957 0.862905
-0.307548 -0.279239
-0.165497 -0.310686
-0.201810 0.929997
-0.946704 0.049296
0.092679 0.283528
0.414994 -0.287571
-0.660152 -0.739630
0.444132 0.702622
0.870993 -0.238087
-0.835896 0.218651
0.343115 0.826365
-0.409948 -0.475874
0.664349 0.728911
0.408505 -0.023249
-0.849286 -0.462380
0.217607 -0.712806
0.482191 0.013753
-0.703989 -0.616125
0.151979 -0.427412
0.726157 0.205632
-0.303322 -0.746221
-0.379242 0.886694
0.131602 0.351127
-0.371930 -0.526305
0.347322 0.634615
-0.898820 0.152928
-0.034344 0.879212
0.393773 -0.402787
0.352816 0.499716
0.564455 0.167486
-0.813989 -0.438867
0.405158 0.281946
0.336048 0.389585
0.171779 -0.088257
0.314215 -0.732186
-0.522246 -0.216156
0.030011 0.622613
-0.365939 -0.344596
-0.856023 0.114659
0.497382 -0.462747
0.166333 -0.339826
-0.764150 -0.400319
-0.202159 0.592460
0.327702 0.514972
0.523952 0.749556
0.162130 0.835984
0.102069 0.241286
0.451528 0.762093
0.541754 -0.039530
0.621726 -0.613826
-0.062673 0.750561
0.724034 0.253860
-0.660504 0.665894
0.340101 0.316310
0.065266 -0.852046
-0.417138 -0.303734
-0.508624 -0.178169
-0.528081 -0.740974
-0.341531 -0.245039
-0.103804 0.020227
-0.061144 0.752791
-0.463493 0.330856
-0.516164 0.846370
-0.255853 -0.147326
0.004781 0.851645
-0.166289 0.701523
0.726950 -0.337513
-0.504447 0.627369
0.301394 -0.275834
0.468189 -0.835214
-0.917955 0.168777
-0.435250 0.267509
-0.462151 0.688091
0.116010 -0.569899
-0.615660 0.371793
0.186094 -0.897212
0.304860 0.250879
-0.143923 -0.204058
0.902425 -0.298241
-0.841542 -0.210747
-0.353435 -0.134547
-0.525087 -0.049336
0.702737 -0.044790
-0.951071 -0.185973
0.479315 -0.768328
-0.239245 0.231485
-0.791204 0.024678
-0.945734 0.104237
-0.365946 -0.721492
-0.415418 -0.732584
-0.189820 0.628398
0.360945 0.192649
-0.340262 0.190057
-0.740792 0.165288
0.565716 0.489530
0.129733 -0.149255
0.279655 -0.877137
0.622922 0.416306
0.134958 -0.373477
0.655747 0.542705
-0.167537 0.470691
0.559217 0.467222
-0.457649 -0.842206
-0.326232 0.337909
0.303991 -0.207316
0.498883 -0.210376
-0.258739 0.410875
0.045418 -0.380452
-0.482184 0.373863
0.493944 0.371451
0.184224 0.101987
0.636748 0.553958
-0.201366 0.222348
0.496310 0.711103
-0.091807 0.889743
-0.643171 -0.655543
0.544519 -0.149709
-0.225096 -0.973658
-0.861729 0.078993
-0.491961 0.514011
-0.264293 -0.935939
0.056998 -0.066722
0.130063 0.232616
0.448650 -0.254873
0.247739 -0.289229
0.649534 -0.744994
0.027831 -0.758665
-0.193389 -0.964569
0.394745 0.229463
0.608771 0.150326
-0.493439 -0.113932
0.196047 -0.673287
0.426193 0.370205
0.300649 -0.827582
0.852164 -0.026355
-0.890976 -0.436689
-0.699520 0.566752
-0.081974 -0.728163
-0.789113 -0.179359
-0.355436 0.693792
0.643120 -0.593617
0.120833 -0.362162
0.322929 0.153993
0.746414 0.295607
0.607218 0.449530
0.567214 0.775680
0.364766 -0.616141
-0.143386 -0.173725
-0.769857 -0.360138
-0.779830 -0.381033
-0.339121 0.450159
0.332214 -0.778838
0.718674 -0.689466
0.482563 -0.268210
-0.689222 -0.511603
-0.610998 -0.717665
-0.079801 -0.424625
-0.196578 0.559072
-0.424127 -0.531041
0.807043 -0.537834
-0.699882 0.090331
-0.659275 0.480311
-0.800177 -0.503054
0.081936 -0.220679
0.109703 -0.325894
0.005344 -0.171145
0.199885 -0.620372
-0.057665 0.804934
-0.701392 0.063486
0.815475 -0.067235
-0.270130 0.926624
0.065497 0.241774
-0.137944 -0.547790
0.136272 0.112715
0.583634 0.547644
0.155932 -0.389284
-0.650389 -0.480599
0.366188 0.745230
-0.551401 -0.228012
-0.226609 -0.599369
-0.774577 -0.614418
-0.235326 -0.104360
-0.871966 -0.170036
0.292685 0.624566
0.011950 -0.656436
0.714162 0.037339
-0.893857 0.329249
-0.780134 -0.575657
-0.270722 0.262933
-0.564820 0.503111
-0.743441 0.083171
-0.165882 0.730710
-0.273232 -0.580906
-0.860254 -0.440350
-0.678903 -0.403717
-0.235717 -0.040521
0.568589 -0.496663
-0.172333 0.734755
0.841175 -0.433050
-0.496063 -0.815861
0.386687 -0.732881
-0.119361 0.201143
0.106885 -0.634747
-0.855815 -0.213747
0.142921 0.121651
-0.757141 -0.272797
-0.736166 0.177573
-0.321743 -0.221662
0.588104 -0.785025
0.480096 0.803258
-0.524768 -0.427602
-0.267128 -0.639345
0.029774 -0.666244
-0.279504 0.565347
0.464512 -0.362667
0.534480 0.121938
-0.308273 -0.815583
0.244809 0.229562
-0.599427 0.106204
0.016207 -0.493578
-0.349318 0.668439
0.731374 0.599380
0.422532 0.109980
0.102266 0.951043
-0.510679 0.108223
0.606542 0.158677
-0.006244 0.213248
-0.212006 0.177472
-0.635260 0.657555
-0.504302 0.193756
-0.631064 0.476414
-0.074119 0.953159
-0.658249 0.695604
-0.260214 -0.206773
-0.511172 0.631578
0.201454 -0.708358
-0.034838 -0.921059
0.074553 0.434833
0.730955 0.402494
0.264169 -0.727274
-0.097015 -0.838184
-0.232820 -0.839698
-0.494866 -0.491676
-0.890908 -0.008460
0.777149 0.399181
0.011577 -0.458931
-0.412684 0.817876
-0.563687 0.407517
-0.694102 -0.167392
-0.231257 0.871365
0.432845 -0.304945
0.271870 -0.700471
-0.464440 -0.066238
0.341182 0.549126
-0.075720 -0.806281
-0.867571 0.226198
0.173285 0.872614
0.219623 0.020435
0.073260 0.865826
0.234541 -0.247057
0.247820 -0.037886
0.316443 -0.461521
0.281853 0.561190
-0.312853 0.482122
0.092550 0.086645
-0.880769 -0.140805
-0.556874 -0.742356
-0.548498 -0.664673
0.404469 0.677365
0.026497 0.392114
0.569246 -0.691474
-0.079148 -0.978441
0.532817 -0.611290
-0.120119 0.811302
0.582471 -0.588883
0.186811 -0.185793
0.692479 -0.182659
-0.011019 -0.894985
-0.759150 -0.617763
0.315048 -0.209141
0.601149 -0.004225
-0.725965 0.423202
-0.675223 -0.333336
-0.491661 0.271198
-0.188225 0.325418
-0.404849 0.768480
0.225516 -0.275461
0.797834 0.453150
0.071631 -0.431252
-0.863422 -0.019415
0.415930 -0.394613
-0.229024 -0.913739
-0.352341 -0.332749
0.906653 -0.285954
0.164003 -0.901213
-0.412708 -0.289794
0.396579 0.472960
0.184086 0.787436
-0.505564 -0.202296
-0.409784 0.357069
-0.809414 -0.387673
0.764400 0.291618
0.507765 0.000428
-0.250898 0.198724
-0.033454 -0.993056
0.383376 -0.154789
0.646670 -0.564398
-0.430672 -0.100413
0.116845 0.510466
0.041159 0.714249
-0.911069 0.243589
-0.136978 0.825411
-0.481559 -0.863815
0.485666 -0.365235
-0.720762 0.488446
-0.654555 0.200012
0.311223 -0.592204
0.075986 -0.821543
0.003196 0.902668
0.430313 0.438444
0.314653 0.333858
0.456506 0.090668
0.486782 0.198995
0.841954 0.365830
-0.404066 0.006355
-0.535160 0.283230
0.192810 0.193151
0.807704 0.372840
-0.203125 0.417283
-0.617878 0.058226
-0.647879 -0.702270
-0.380095 -0.153396
-0.180010 0.863636
0.620758 -0.071155
0.729934 -0.265951
0.343693 -0.811847
-0.496162 0.694779
0.552775 -0.075902
0.134353 -0.212035
0.155210 -0.803119
-0.309226 -0.343867
-0.060907 -0.919333
-0.453285 -0.789415
-0.720641 0.371792
0.577914 0.275983
-0.834726 -0.162111
0.384156 0.858786
0.046236 -0.787266
0.088602 0.934089
0.838764 0.507607
0.299215 0.129810
-0.428538 0.470963
-0.777368 0.414769
-0.135681 0.181998
-0.095256 -0.429037
-0.287184 -0.190424
0.200580 -0.768969
-0.159922 0.604030
-0.605206 -0.743873
-0.600314 0.015150
0.377517 -0.446043
-0.354049 0.593278
0.350906 -0.664856
-0.902281 0.379963
-0.743391 -0.589194
0.830998 -0.093250
-0.438817 0.870099
0.438210 0.758072
-0.575651 0.417815
0.877776 0.210523
0.787935 0.463243
0.747260 0.354338
0.662897 0.224726
-0.241537 -0.613371
0.060681 0.405074
0.283211 0.527846
0.695025 0.580690
0.307449 -0.414312
-0.882681 0.448557
0.739620 0.418162
0.774598 0.207858
0.248363 0.383391
-0.524556 -0.501372
0.648419 0.377845
-0.463592 -0.007560
0.034622 -0.483295
0.735818 0.580340
-0.740670 -0.417887
-0.267064 0.183768
-0.648729 0.230147
-0.397019 0.660001
0.354927 0.316450
0.547798 0.734044
-0.092995 0.791058
-0.127829 -0.820135
0.488450 0.331934
0.640529 0.397293
0.574031 0.586738
-0.314058 -0.401690
-0.764855 -0.452642
-0.387242 0.918810
-0.605993 0.331597
0.700675 -0.668893
-0.317732 -0.165922
0.489991 -0.608005
0.583403 0.710873
0.122225 0.829000
-0.122691 -0.366077
0.580678 -0.541960
0.354072 -0.717150
0.399821 0.293006
0.005357 -0.937449
0.695210 0.347357
-0.293581 0.202295
0.614792 -0.510086
0.318367 0.664922
-0.179470 0.084038
-0.681140 -0.656853
0.363424 0.184093
-0.148984 0.617823
0.228720 -0.759692
0.443540 0.443777
0.218812 0.067683
-0.988799 -0.115113
-0.060946 0.273283
0.801980 -0.104899
0.664494 -0.139843
0.812233 0.282318
0.819585 0.381706
-0.538530 0.797276
-0.237823 0.244904
-0.627882 0.239425
0.328415 0.106291
0.082100 -0.361543
-0.970065 0.005870
0.823910 0.302765
-0.175081 0.568847
0.223517 0.267427
0.512845 -0.572305
-0.606833 -0.611420
0.178563 0.204834
0.650471 -0.272692
0.282078 -0.291362
-0.362796 0.325012
0.270996 0.682293
-0.376963 0.564050
0.393788 0.639781
-0.430413 0.130943
0.426500 0.035596
-0.073533 0.544905
-0.930940 0.230205
0.887982 0.315489
-0.668175 -0.742994
0.143699 -0.449324
0.064229 0.869024
0.020272 -0.160689
0.312890 -0.732426
0.292148 -0.199772
0.376159 0.863587
0.728269 -0.565421
-0.268009 -0.572096
-0.139931 -0.271218
0.860609 0.075878
-0.292555 0.791465
-0.346945 -0.892215
0.298699 -0.435711
-0.060334 -0.526078
-0.459604 0.614388
-0.900100 0.261723
-0.322257 0.941743
-0.384921 0.635539
-0.145759 0.188890
0.704725 0.379018
-0.182265 0.262385
0.623797 -0.395811
-0.285429 -0.083261
0.420866 0.858174
-0.362549 -0.722824
0.168197 0.352014
0.021275 0.423628
-0.521083 0.104313
-0.192525 0.817690
-0.969242 -0.144811
-0.139852 0.012146
-0.084019 0.588416
0.005468 -0.738240
0.568366 0.581200
-0.323090 0.189681
-0.308079 -0.415809
0.026621 0.585247
0.914858 0.186259
-0.475668 0.692621
0.830912 -0.374223
-0.351191 0.703223
-0.340335 0.585112
-0.181975 -0.086008
-0.395460 -0.447514
0.512217 0.155710
0.406389 0.034489
0.925414 0.138652
0.654006 -0.132114
0.133673 -0.343844
0.108380 -0.633803
0.536455 0.728837
-0.616537 0.758523
-0.909660 0.242909
0.475581 -0.492055
-0.513379 0.824969
0.855798 -0.128022
-0.852237 -0.283732
0.522154 0.657166
-0.370030 -0.130492
-0.229556 0.321114
-0.200347 0.775551
-0.714806 -0.447294
-0.109544 -0.231977
0.258302 0.512723
-0.876654 0.280673
-0.681652 0.202283
0.115498 -0.767884
0.010653 -0.896087
-0.427057 0.612578
0.365999 0.252128
0.427178 0.855119
-0.433061 0.642489
-0.075393 -0.581169
0.640380 0.002275
0.355957 -0.259049
-0.455354 0.357038
0.631753 -0.131653
0.636711 -0.538853
-0.029013 0.171036
0.371138 0.113842
0.911649 0.317642
-0.006436 -0.870824
0.782447 0.410579
0.144853 -0.469090
0.250533 -0.815320
0.836285 0.434458
0.299054 0.884158
0.496077 0.435022
0.158061 -0.105715
-0.334007 -0.552874
0.587021 -0.124679
0.274433 -0.104421
0.543944 -0.228081
0.781222 -0.422992
0.096864 0.752756
0.801735 0.443015
0.454571 0.515035
-0.198007 0.640077
-0.320534 0.710057
0.195356 -0.703885
0.501825 -0.126301
-0.001125 -0.527682
-0.021146 -0.679019
0.695039 0.150632
0.004694 -0.875937
0.072097 0.298397
0.059215 0.418584
0.702376 -0.512201
0.888310 0.260190
0.634232 0.723661
0.236152 -0.920398
-0.225613 0.659418
0.808959 -0.014110
-0.139441 -0.637311
0.396394 0.808938
-0.206454 0.543235
-0.749664 -0.024415
-0.132211 -0.948117
0.093398 0.856417
-0.451205 0.533929
0.745142 -0.555765
0.437977 0.880557
-0.006064 0.142635
-0.762547 -0.433359
-0.299294 0.768084
-0.476564 -0.240984
-0.339299 -0.091916
0.230281 -0.495750
-0.860746 0.113980
-0.387611 0.496100
-0.005369 0.422015
-0.407869 0.694144
-0.231682 -0.081755
0.753842 -0.460933
-0.050790 -0.685395
-0.319392 -0.435445
-0.449242 -0.201314
-0.857098 0.475577
-0.339893 -0.926007
0.159712 0.262061
0.014906 -0.595902
0.547497 -0.332789
0.276552 -0.116292
0.656854 -0.244542
-0.032414 -0.196148
-0.525101 -0.467534
0.286145 -0.930610
0.189595 0.062896
-0.308751 0.688667
-0.010338 0.672138
0.628704 -0.312120
0.775427 0.186840
0.463765 -0.706907
-0.426181 0.636161
-0.451104 0.694431
-0.317574 -0.229353
0.611940 -0.034149
0.547873 -0.301700
-0.486621 0.028928
0.122710 0.029984
-0.652550 -0.414439
-0.646743 -0.574731
0.614219 -0.128436
0.727258 0.025302
-0.672826 0.275982
0.135104 -0.673754
-0.699845 0.564785
-0.797402 -0.189197
0.794965 -0.184275
0.521418 -0.555078
-0.746146 -0.571941
-0.716680 -0.576630
-0.577891 0.486491
0.991460 -0.059823
-0.609632 0.627276
0.284302 0.680590
-0.616909 -0.205289
0.176515 0.340023
0.782928 -0.149379
-0.943367 -0.253296
-0.516279 -0.638088
0.349312 -0.808004
-0.638317 0.363008
-0.669915 0.467207
-0.047056 0.019056
-0.361227 -0.415177
-0.189583 0.941030
0.343193 0.790952
0.070071 0.229447
0.037786 0.835328
-0.339651 -0.606883
-0.369602 -0.313195
-0.410923 0.074189
-0.021454 0.981961
0.191819 0.210517
0.609347 0.459097
-0.434351 -0.197350
-0.410388 -0.073298
0.961806 -0.123781
-0.411786 -0.391114
0.044862 -0.534218
-0.790602 -0.033641
-0.374036 -0.244605
-0.116461 0.754942
-0.498253 0.123396
0.105796 -0.642846
0.191270 -0.205098
0.053522 0.642794
-0.200647 0.142989
0.575182 0.736972
-0.671498 -0.109865
-0.157458 0.030471
0.535780 0.429154
-0.570453 0.681227
-0.134227 0.139861
0.622072 -0.010908
-0.873578 0.301875
-0.531929 -0.151652
0.078049 0.416613
-0.037347 0.412359
-0.007003 -0.467542
-0.595834 -0.119063
-0.734073 0.536694
0.313016 -0.935978
-0.743436 -0.563339
0.005938 0.224698
-0.660183 0.711456
-0.801173 0.572901
-0.347540 0.249113
0.523204 -0.338225
-0.234395 0.014852
-0.648681 0.026375
0.891601 -0.117583
0.058142 0.122065
-0.310874 0.165485
-0.329612 0.597204
-0.699541 -0.342498
0.209229 -0.060812
0.326007 -0.685834
-0.316987 -0.422890
-0.202895 0.900379
0.934636 0.009176
-0.083186 -0.885752
-0.415403 -0.401536
0.908162 -0.315438
0.265695 0.029099
0.714328 0.389942
-0.074045 -0.504100
0.693674 0.234635
-0.224924 -0.527458
-0.702198 0.654059
0.043922 0.477472
-0.114693 -0.207035
0.750662 -0.254975
-0.315154 -0.886457
0.123563 0.651795
-0.035325 0.615036
-0.116405 0.802687
0.887629 -0.170229
0.506751 0.169269
-0.343961 -0.548569
0.607621 0.765646
-0.620491 0.434850
0.860991 -0.453669
-0.952703 0.224331
-0.852119 0.153122
0.599772 0.155029
0.173157 0.594627
-0.068748 0.392568
-0.531977 -0.027408
0.357100 0.235626
0.306718 -0.323614
0.571261 -0.283602
0.667190 0.247314
-0.676560 0.053281
0.126046 -0.233114
-0.791290 0.100351
-0.189670 -0.925172
0.461964 0.628904
0.178209 -0.728933
-0.926776 -0.165691
0.605851 -0.381298
0.855405 0.119220
-0.318978 -0.584463
-0.080105 0.538630
-0.201947 0.396317
-0.726059 0.281469
0.880988 0.096118
0.056426 0.804659
0.498144 -0.657680
0.465031 0.422170
-0.375563 0.516500
0.058831 0.114747
-0.361954 -0.039059
0.474748 0.122705
-0.009165 -0.382165
0.809469 0.045955
0.519798 -0.844751
-0.069182 -0.754105
-0.100861 -0.792984
0.984331 -0.046266
0.019690 -0.832491
0.905945 0.418913
-0.261792 -0.184017
0.146784 0.523143
0.008045 -0.565997
-0.736530 0.297032
-0.099711 0.279466
0.097369 -0.593370
-0.044137 -0.423160
-0.709370 0.014634
0.483109 0.318523
-0.013809 0.171079
0.295807 0.662243
-0.628781 0.151162
-0.885748 -0.347621
-0.507465 -0.309203
0.817931 0.164124
-0.495673 0.074042
-0.114094 -0.112515
0.327318 0.800620
0.653405 -0.110646
-0.769302 0.266976
-0.682348 -0.408187
-0.408863 0.227150
-0.443111 -0.029485
-0.443218 -0.684257
-0.603960 -0.420814
-0.484431 0.340529
0.341952 0.175937
0.488410 0.582410
0.310396 -0.506204
-0.323736 0.795173
0.611985 0.463984
0.196022 -0.176837
0.084512 0.632763
-0.413903 0.704345
0.335555 0.811091
0.640588 -0.264854
-0.538100 -0.740560
0.924662 -0.099564
-0.627953 0.684631
-0.341036 0.492207
-0.787353 0.263989
-0.803365 0.200784
-0.040866 0.375215
-0.007233 0.740578
-0.282110 -0.381665
-0.515697 0.762825
-0.113552 0.325041
-0.452718 -0.503773
0.184493 -0.094065
0.488078 -0.023600
0.557031 -0.528752
-0.466367 -0.439530
-0.381219 -0.840699
0.036882 -0.899460
-0.520745 -0.278404
-0.765665 -0.274801
-0.357040 0.814801
-0.846136 0.220223
-0.489351 -0.052924
0.312221 -0.285762
0.734202 -0.608740
-0.401390 -0.432103
-0.360707 -0.902471
0.056187 -0.966086
-0.371875 0.099236
-0.180510 -0.581060
0.006245 -0.938249
0.360492 -0.320751
-0.811774 -0.329146
0.445681 0.380453
0.601877 -0.068468
-0.181694 0.521109
-0.646622 0.217333
0.153015 0.427410
0.763421 -0.322545
-0.093082 -0.510825
-0.206289 0.781905
0.230486 -0.372066
-0.617165 0.109051
-0.761270 0.318222
-0.082820 0.603547
0.844365 -0.043629
0.621456 0.071127
-0.090552 0.836201
0.548748 0.009161
0.213677 -0.159613
0.051219 -0.016990
-0.175867 -0.667296
0.479528 -0.183279
-0.651802 -0.273233
0.171736 0.415626
-0.475622 0.276479
-0.121002 0.195293
-0.652489 0.502121
-0.218560 -0.611472
-0.798279 0.234024
0.030244 0.686959
0.080075 0.023430
0.635417 0.257448
0.845812 -0.320470
0.719972 -0.349765
-0.276001 -0.397506
0.739429 0.465279
-0.309771 -0.575636
-0.896129 0.013245
0.084252 0.552555
-0.343683 -0.649969
0.703051 0.166688
0.377452 0.659320
0.155954 -0.322960
0.628724 -0.487111
-0.165872 0.389482
0.450344 0.658329
0.064671 0.304449
0.125567 -0.521569
0.079710 0.343390
0.108424 -0.125983
0.622077 0.401298
-0.462171 -0.031383
-0.259316 0.228253
-0.738703 0.199616
0.124833 -0.620288
-0.296450 0.172976
-0.590168 -0.061618
0.137478 -0.350585
0.337304 -0.430172
-0.130311 0.530880
-0.426234 -0.814801
0.403093 0.777734
0.500807 0.016641
0.412952 0.274597
0.728125 0.604837
0.947472 -0.102540
-0.129649 0.333622
0.210989 -0.621929
0.156864 0.761015
-0.365429 0.796903
-0.066850 0.192254
-0.481205 -0.480410
0.255157 0.801302
0.647024 -0.144179
-0.754372 -0.293523
-0.414109 0.362732
0.280045 0.108279
-0.850499 0.476133
-0.015528 0.673329
-0.379160 -0.410471
0.546591 -0.358208
0.404389 0.241281
-0.485160 0.045895
0.157225 0.164076
0.438527 -0.103121
0.054166 -0.372802
0.687602 0.281713
-0.137750 -0.577547
0.800584 -0.015492
0.362864 -0.358671
0.703862 -0.670031
-0.220611 -0.681629
0.108150 0.407275
-0.632325 -0.059994
-0.241280 0.244143
0.164750 0.055180
-0.485612 0.190797
0.870878 0.208310
-0.290023 -0.712713
0.415978 -0.806767
0.107542 -0.634909
-0.098058 -0.882047
0.779522 -0.542005
-0.723564 -0.351056
0.866508 0.233663
0.171354 -0.264750
-0.590540 0.627420
0.075037 -0.677872
